50
50
50
50
50
50
50
50
50
50
50
50
50
50
50
50
50
50
50
50
50
50
50
50
50
50
50
50
50
50
50
50
50
50
50
50
50
50
50
50
50
50
50
50
50
50
50
50
50
50
50
50
50
50
50
50
50
50
50
50
50
50
50
50
50
50
50
50
50
50
50
50
50
50
50
50
50
50
50
50
50
50
50
50
50
50
50
50
50
50
0
0
0
0
0
0
0
0
0
0
0
0
0
0
0
0
0
0
0
0
0
0
1
1
1
1
1
1
1
1
1
1
1
1
1
1
1
1
1
1
1
2
2
2
2
2
2
2
2
2
2
2
2
2
2
3
3
3
3
3
3
3
3
3
3
3
3
3
3
3
3
3
3
3
3
4
4
4
4
4
4
4
4
4
4
4
4
4
4
4
50
50
50
50
50
5
5
5
5
5
5
5
5
5
5
5
5
5
5
5
5
5
5
5
6
6
6
6
6
6
6
6
6
6
6
7
7
7
7
7
7
8
8
8
8
8
8
8
1
1
1
1
1
1
1
1
1
1
1
1
1
9
9
9
9
9
9
9
9
9
9
9
9
9
9
9
10
10
10
10
10
10
10
10
11
11
11
11
11
11
11
11
11
11
12
12
12
12
12
12
12
12
12
12
13
13
2
2
2
2
2
2
14
14
14
14
14
14
14
14
14
15
15
15
16
16
16
16
16
16
16
17
17
17
17
17
17
17
17
17
17
18
18
18
19
19
19
19
19
19
19
19
19
19
19
19
19
19
19
19
20
20
20
20
20
20
20
20
20
20
20
20
20
20
20
1
1
1
1
1
1
1
1
1
1
21
21
21
21
21
21
21
21
21
21
21
22
22
22
22
22
22
22
22
22
22
22
22
23
23
23
23
23
23
23
23
23
23
23
23
23
23
23
0
0
0
0
0
0
0
0
0
0
0
0
24
24
24
24
25
25
25
25
25
25
25
25
25
25
2
2
2
2
2
2
2
2
2
2
2
14
14
14
14
17
17
17
17
17
17
17
17
17
26
26
26
26
26
27
27
27
27
27
27
28
28
28
28
28
28
7
7
7
7
7
7
7
7
7
7
7
7
7
7
7
29
29
29
29
29
29
30
30
30
30
30
30
30
30
30
30
30
30
30
30
1
1
1
1
1
1
1
1
1
1
1
1
1
4
4
4
4
4
4
4
4
4
4
4
0
0
0
0
0
0
0
0
0
0
0
0
0
0
0
0
0
31
31
31
31
31
31
31
31
31
31
31
31
31
31
31
31
31
31
31
31
31
31
31
24
24
24
24
0
0
0
0
0
0
0
0
0
0
0
31
31
31
31
31
31
31
31
31
31
31
31
31
31
31
31
31
31
31
32
32
32
32
32
32
32
32
32
32
32
32
32
19
19
19
19
19
19
19
19
19
19
19
33
33
33
33
33
33
33
33
33
33
33
33
34
34
34
34
34
35
35
35
35
35
35
35
6
6
6
6
6
6
6
6
6
1
1
1
1
1
4
4
4
4
4
4
4
4
4
4
36
36
36
36
36
36
36
36
37
37
37
37
37
37
37
37
37
37
37
37
37
37
37
37
37
38
38
38
38
38
38
38
38
38
38
38
38
38
38
38
38
38
38
38
38
38
38
38
38
38
38
38
38
38
38
38
38
38
38
38
38
38
39
39
39
39
39
39
39
39
39
39
39
39
39
39
39
39
39
40
40
40
40
40
40
40
40
40
5
5
5
5
5
5
5
5
5
5
5
5
5
5
5
5
32
32
32
32
32
32
32
32
32
32
32
32
1
1
1
1
1
1
1
1
1
1
1
1
1
4
4
4
4
4
4
4
4
4
4
4
4
19
19
19
19
19
19
19
19
19
6
6
6
6
6
6
6
36
36
36
36
36
36
36
36
50
50
50
50
36
36
36
36
36
36
5
5
5
5
5
5
5
5
5
5
5
5
5
5
5
42
42
42
42
42
42
42
42
42
42
42
42
42
42
42
42
42
42
42
42
43
43
43
43
43
43
43
43
44
44
44
44
44
44
44
44
44
44
44
44
44
44
44
44
44
44
44
44
44
44
44
44
44
44
44
44
44
44
44
44
44
44
44
44
44
44
44
44
4
4
4
4
4
4
4
4
4
4
4
4
6
6
6
6
6
6
6
6
19
19
19
19
19
19
19
19
19
19
19
19
1
1
1
1
1
1
1
1
1
1
1
1
1
1
1
1
1
1
1
36
36
36
36
36
36
36
5
5
5
5
5
5
5
5
5
5
5
5
5
5
5
45
45
45
45
45
45
45
45
45
45
45
45
45
45
45
45
45
45
45
45
45
45
45
45
45
45
45
45
45
45
44
44
44
44
44
44
44
44
44
44
44
44
44
44
44
44
44
44
44
44
44
44
44
44
44
44
44
44
44
44
44
44
44
44
44
44
44
44
44
44
44
4
4
4
4
4
4
4
4
6
6
6
6
6
6
6
6
6
7
7
7
7
7
7
7
7
7
7
7
1
1
1
1
1
1
1
1
1
1
1
1
1
1
1
1
46
46
46
46
46
46
46
46
46
46
46
46
46
46
46
36
36
5
5
5
5
5
5
5
5
5
5
5
5
5
5
45
45
45
45
45
45
45
45
45
45
45
45
45
45
45
45
45
45
45
45
45
45
45
45
45
45
45
44
44
44
44
44
44
44
44
44
44
44
44
44
44
44
44
44
44
44
44
44
44
44
44
44
44
44
44
44
44
44
44
44
44
44
44
44
44
44
44
44
44
44
44
44
44
44
44
44
44
44
44
4
4
4
4
4
4
4
4
4
47
47
47
47
47
47
47
47
47
19
19
19
19
19
19
19
19
19
19
19
19
19
19
19
1
1
1
1
1
1
1
1
1
1
1
32
32
32
32
32
32
32
32
32
32
32
32
32
36
36
36
36
36
36
36
36
36
36
36
36
36
36
5
5
5
5
5
5
5
5
5
5
5
5
5
5
5
5
5
5
5
5
45
45
45
45
45
45
45
45
45
45
45
45
45
45
45
45
45
45
45
45
45
44
44
44
44
44
44
44
44
44
44
44
44
44
44
44
44
44
44
44
44
44
44
44
44
44
44
44
44
44
44
44
44
44
44
44
44
44
44
44
44
44
44
44
44
4
4
4
4
47
47
47
47
47
19
19
19
19
19
19
19
19
19
19
19
19
1
1
1
1
1
1
1
1
1
1
1
1
1
1
1
1
1
1
1
1
32
32
32
32
32
32
32
32
32
32
32
36
36
36
36
36
36
36
36
5
5
5
5
5
5
5
5
5
5
5
5
5
5
5
5
45
45
45
45
45
45
45
45
45
45
45
45
45
45
45
45
45
45
45
45
45
45
45
45
45
44
44
44
44
44
44
44
44
44
44
44
44
44
44
44
44
44
44
44
44
44
44
44
44
44
44
44
44
44
44
44
44
44
44
44
44
44
44
44
44
44
44
4
4
4
4
4
4
4
4
4
47
47
47
47
47
19
19
19
19
19
19
19
19
19
19
19
19
1
1
1
1
1
1
1
1
1
1
1
1
1
1
1
1
32
32
32
32
32
32
32
32
32
32
32
32
32
32
32
32
32
32
36
36
36
36
36
36
36
36
36
36
36
5
5
5
5
5
5
5
5
5
5
5
5
5
5
5
5
5
45
45
45
45
45
45
45
45
45
45
45
45
45
45
45
45
45
45
45
45
45
45
45
45
44
44
44
44
44
44
44
44
44
44
44
44
44
44
44
44
44
44
44
44
44
44
44
44
44
44
44
44
44
44
44
44
44
44
44
44
44
44
44
44
44
44
44
44
44
44
4
4
4
4
4
4
47
47
47
47
47
47
47
47
47
19
19
19
19
19
19
19
19
19
1
1
1
1
1
1
1
1
1
1
1
1
1
1
1
32
32
32
32
32
32
32
32
32
32
32
32
32

